01101001 01101101 01110000 01101111 01110010 01110100 00100000 01110010 01100001 01101110 01100100 01101111 01101101 00001101 00001010 01110000
00100000 00111101 00100000 01010100 01110010 01110101 01100101 00001101 00001010 01110111 01101000 01101001 01101100 01100101 00100000 01110000
00111010 00001101 00001010 00100000 00100000 00100000 00100000 01101100 01101111 01101110 01100111 00100000 00111101 00100000 01101001 01101110
01110000 01110101 01110100 00101000 00100010 01001000 01101111 01110111 00100000 01101100 01101111 01101110 01100111 00100000 01110011 01101000
01101111 01110101 01101100 01100100 00100000 01110100 01101000 01100101 00100000 01110000 01100001 01110011 01110011 01110111 01101111 01110010
01100100 00100000 01100010 01100101 00111111 00111010 00100000 00100010 00101001 00001101 00001010 00100000 00100000 00100000 00100000 01100110
01100001 01110110 00100000 00111101 00100000 01101001 01101110 01110000 01110101 01110100 00101000 00100010 01110111 01101000 01100001 01110100
00100000 01101001 01110011 00100000 01111001 01101111 01110101 01110010 00100000 01100110 01100001 01110110 01101111 01110010 01101001 01110100
01100101 00100000 01101110 01110101 01101101 01100010 01100101 01110010 00111111 00111010 00100000 00100010 00101001 00001101 00001010 00100000
00100000 00100000 00100000 01101110 01100001 01101101 01100101 00100000 00111101 00100000 01101001 01101110 01110000 01110101 01110100 00101000
00100010 01000111 01101001 01110110 01100101 00100000 01100001 00100000 01100110 01101111 01101111 01100100 00100000 01101110 01100001 01101101
01100101 00111010 00100000 00100010 00101001 00001101 00001010 00100000 00100000 00100000 00100000 01110011 01101000 01101111 01100101 00100000
00111101 00100000 01101001 01101110 01110000 01110101 01110100 00101000 00100010 01010111 01101000 01100001 01110100 00100000 01100010 01110010
01100001 01101110 01100100 00100000 01101111 01100110 00100000 01110011 01101000 01101111 01100101 01110011 00100000 01111001 01101111 01110101
00100000 01110111 01100101 01100001 01110010 00111111 00111010 00100000 00100010 00101001 00001101 00001010 00100000 00100000 00100000 00100000
01110011 01101000 01101111 01110010 01110100 00100000 00111101 00100000 01101001 01101110 01110000 01110101 01110100 00101000 00100010 01010111
01101000 01100001 01110100 00100000 01100011 01101111 01101100 01101111 01110010 00100000 01101001 01110011 00100000 01111001 01101111 01110101
01110010 00100000 01110011 01101000 01101001 01110010 01110100 00111010 00100000 00100010 00101001 00001101 00001010 00001101 00001010 00100000
00100000 00100000 00100000 01101001 01101111 00100000 00111101 00100000 01101100 01101001 01110011 01110100 00101000 01110011 01110100 01110010
00101000 01101000 01100001 01110011 01101000 00101000 01100110 01100001 01110110 00101001 00101001 00101001 00001101 00001010 00100000 00100000
00100000 00100000 01101001 01101111 00110001 00100000 00111101 00100000 01101100 01101001 01110011 01110100 00101000 01101110 01100001 01101101
01100101 00101001 00001101 00001010 00100000 00100000 00100000 00100000 01101001 01101111 00110010 00100000 00111101 00100000 01101100 01101001
01110011 01110100 00101000 00100010 01111110 00100001 01000000 00100011 00100100 00100101 01011110 00100110 00101010 00101000 00101001 01011111
00101011 01100000 00101101 00111101 01111011 01111101 01111100 01011011 01011101 00111010 00100010 00100111 00111100 00111110 00111111 00101100
00101110 00101111 00100111 00101001 00001101 00001010 00100000 00100000 00100000 00100000 01101001 01101111 00110011 00100000 00111101 00100000
01101100 01101001 01110011 01110100 00101000 01110011 01101000 01101111 01100101 00101001 00001101 00001010 00100000 00100000 00100000 00100000
01101001 01101111 00110100 00100000 00111101 00100000 01101100 01101001 01110011 01110100 00101000 01110011 01101000 01101111 01110010 01110100
00101001 00001101 00001010 00100000 00100000 00100000 00100000 01101001 01101111 00110100 00110101 00100000 00111101 00100000 01101100 01101001
01110011 01110100 00101000 01110011 01110100 01110010 00101000 01101000 01100001 01110011 01101000 00101000 01110011 01101000 01101111 01110010
01110100 00101001 00101001 00101001 00001101 00001010 00100000 00100000 00100000 00100000 01101111 01101100 00100000 00111101 00100000 01011011
01101001 01101111 00101100 01101001 01101111 00110001 00101100 01101001 01101111 00110010 00101100 01101001 01101111 00110011 01011101 00001101
00001010 00100000 00100000 00100000 00100000 01110000 01100001 01110011 01110011 01110111 01101111 01110010 01100100 00100000 00111101 00100000
00100010 00100010 00001101 00001010 00100000 00100000 00100000 00100000 01100110 01101111 01110010 00100000 01101001 00100000 01101001 01101110
00100000 01110010 01100001 01101110 01100111 01100101 00101000 01101001 01101110 01110100 00101000 01101100 01101111 01101110 01100111 00101001
00101001 00111010 00001101 00001010 00100000 00100000 00100000 00100000 00100000 00100000 00100000 00100000 01110000 01101111 00100000 00111101
00100000 01110010 01100001 01101110 01100100 01101111 01101101 00101110 01100011 01101000 01101111 01101001 01100011 01100101 00101000 01101111
01101100 00101001 00001101 00001010 00100000 00100000 00100000 00100000 00100000 00100000 00100000 00100000 01110000 01100001 01110011 01110011
01110111 01101111 01110010 01100100 00100000 00101011 00111101 00100000 01110010 01100001 01101110 01100100 01101111 01101101 00101110 01100011
01101000 01101111 01101001 01100011 01100101 00101000 01110000 01101111 00101001 00001101 00001010 00001101 00001010 00100000 00100000 00100000
00100000 01110000 01110010 01101001 01101110 01110100 00101000 00100010 01011001 01101111 01110101 01110010 00100000 01101110 01100101 01110111
00100000 01110000 01100001 01110011 01110011 01110111 01101111 01110010 01100100 00100000 01101001 01110011 00111010 00100000 00100010 00101100
00100000 01110000 01100001 01110011 01110011 01110111 01101111 01110010 01100100 00101001 00001101 00001010 00100000 00100000 00100000 00100000
01110011 01101000 01110101 01100110 01100110 01101100 01100101 00100000 00111101 00100000 01101001 01101110 01110000 01110101 01110100 00101000
00100010 01000100 01101111 00100000 01111001 01101111 01110101 00100000 01110111 01100001 01101110 01110100 00100000 01110100 01101111 00100000
01110011 01101000 01110101 01100110 01100110 01101100 01100101 00100000 01111001 01101111 01110101 01110010 00100000 01110000 01100001 01110011
01110011 01110111 01101111 01110010 01100100 00111111 00100000 01111001 00101111 01101110 00111010 00100000 00100010 00101001 00001101 00001010
00100000 00100000 00100000 00100000 01101001 01100110 00100000 01110011 01101000 01110101 01100110 01100110 01101100 01100101 00100000 00111101
00111101 00100000 00100010 01111001 00100010 00111010 00001101 00001010 00100000 00100000 00100000 00100000 00100000 00100000 00100000 00100000
01101100 00100000 00111101 00100000 01101100 01101001 01110011 01110100 00101000 01110000 01100001 01110011 01110011 01110111 01101111 01110010
01100100 00101001 00001101 00001010 00100000 00100000 00100000 00100000 00100000 00100000 00100000 00100000 01110010 01100001 01101110 01100100
01101111 01101101 00101110 01110011 01101000 01110101 01100110 01100110 01101100 01100101 00101000 01101100 00101001 00001101 00001010 00100000
00100000 00100000 00100000 00100000 00100000 00100000 00100000 01110000 01110010 01101001 01101110 01110100 00101000 01101100 00101001 00001101
00001010 00100000 00100000 00100000 00100000 00100000 00100000 00100000 00100000 01110000 00100000 00111101 00100000 01000110 01100001 01101100
01110011 01100101 00001101 00001010 00100000 00100000 00100000 00100000 01100101 01101100 01101001 01100110 00100000 01110011 01101000 01110101
01100110 01100110 01101100 01100101 00100000 00111101 00111101 00100000 00100010 01101110 00100010 00111010 00001101 00001010 00100000 00100000
00100000 00100000 00100000 00100000 00100000 00100000 00100000 00100000 00100000 00100000 00100000 00100000 00100000 00100000 01110000 00100000
00111101 00100000 01000110 01100001 01101100 01110011 01100101 00001101 00001010
